camera_matrix:
  cols: 3
  data: [385.3627848418368, 0.0, 293.34968824761995, 0.0, 380.1694383577673, 254.0321121671647,
    0.0, 0.0, 1.0]
  rows: 3
camera_name: duckiebotPI4/camera_node
distortion_coefficients:
  cols: 5
  data: [-0.32640535435242457, 0.09637384687562581, -0.004606416912003548, 0.0009893708787896615,
    0.0]
  rows: 1
distortion_model: plumb_bob
image_height: 480
image_width: 640
projection_matrix:
  cols: 4
  data: [294.13507080078125, 0.0, 290.22652765009843, 0.0, 0.0, 322.3326110839844,
    255.5324246602413, 0.0, 0.0, 0.0, 1.0, 0.0]
  rows: 3
rectification_matrix:
  cols: 3
  data: [1.0, 0.0, 0.0, 0.0, 1.0, 0.0, 0.0, 0.0, 1.0]
  rows: 3
